shape_id,shape_pt_lat,shape_pt_lon,shape_pt_sequence,shape_dist_traveled
p_531023,38.9002109369529,-77.0046605291434,1,0
p_531023,38.9002144607685,-77.004068975002,2,51.31759942
p_531023,38.9002052087739,-77.0028308324789,3,158.72883877
p_531023,38.9002079962506,-77.0021848993063,4,214.76307583
p_531023,38.9002048935853,-77.0021370740368,5,218.92609367
p_531023,38.9001820259283,-77.0020290454377,6,228.63511749
p_531023,38.9001739549795,-77.0019866982218,7,232.41634149
p_531023,38.9001781807955,-77.0014390244026,8,279.92826241
p_531023,38.9001780973555,-77.0014388488666,9,279.94608588
p_531023,38.90017749864,-77.0005703431926,10,355.28723784
p_531023,38.9001835793729,-76.999815290941,11,420.78997992
p_531023,38.9001833940542,-76.9998151774168,12,420.81278841
p_531023,38.9001732320144,-76.9985174235406,13,533.39598179
p_531023,38.9001742687283,-76.9961542934393,14,738.39281516
p_531023,38.9001756606169,-76.9952886571411,15,813.48518718
p_531023,38.9001757583024,-76.9952885046004,16,813.50229574
p_531023,38.9001741837462,-76.9905130741739,17,1227.76134603
p_531023,38.9001694534157,-76.9886181947375,18,1392.13918347
p_531023,38.900169201871,-76.9886184457805,19,1392.17459614
p_531023,38.9001689088676,-76.9871357482742,20,1520.79564639
p_531023,38.9001660693415,-76.985339650765,21,1676.60383887
p_531023,38.9001739500692,-76.9850051387993,22,1705.63526828
p_531023,38.900169000228,-76.9839207118929,23,1799.70873732
p_531023,38.9001583873666,-76.9838103113394,24,1809.35796303
p_531023,38.9001466259396,-76.9836930325321,25,1819.6151098
p_531023,38.9001219368176,-76.9835264505384,26,1834.32339907
p_531023,38.9000824004474,-76.9833020935624,27,1854.27469829
p_531023,38.9000306735639,-76.9829867111193,28,1882.22968216
p_531023,38.9000305579803,-76.9829860979146,29,1882.28440224
p_531023,38.8997417407128,-76.9813588625274,30,2027.03989337
p_531023,38.8997124513537,-76.9811718232802,31,2043.58786498
p_531023,38.8996450543133,-76.9808009927996,32,2076.61552382
p_531023,38.8995545498539,-76.9802716976172,33,2123.61759908
p_531023,38.8993549736272,-76.9791158210062,34,2226.30715682
p_531023,38.899233942909,-76.9784641730827,35,2284.41181468
p_531023,38.8990541430611,-76.977402256701,36,2378.66990439
p_531023,38.8989463350291,-76.9767814199039,37,2433.84089674
p_531023,38.8988723465491,-76.9763946966451,38,2468.37982804
p_531023,38.8988110708223,-76.9760161706758,39,2501.91399833
p_531023,38.8988111509929,-76.9760175515125,40,2502.03411561
p_531023,38.8987066658664,-76.9754322872435,41,2554.11375828
p_531023,38.898572320898,-76.9746592386889,42,2622.81400045
p_531023,38.8984592082785,-76.9740125435531,43,2680.30295725
p_531023,38.8982776987272,-76.9729778726159,44,2772.29482875
p_531023,38.8981552732401,-76.9723083927883,45,2831.94148042
p_531023,38.8981307442152,-76.9721665634568,46,2844.54297043
p_531023,38.8981151348328,-76.9720533865047,47,2854.51287364
p_531023,38.8979693552297,-76.971236672252,48,2927.18811865
p_531023,38.8978534839198,-76.9705757791829,49,2985.94638064
p_531023,38.8977739630698,-76.970118024286,50,3026.62642659
p_531023,38.8977400772849,-76.9698902694315,51,3046.73929464
p_531024,38.8978049827211,-76.9698744729354,1,0
p_531024,38.8978492461652,-76.9701389435879,2,23.46336665
p_531024,38.8978503870973,-76.9701608648096,3,25.36926399
p_531024,38.897984599623,-76.9709059377628,4,91.69992904
p_531024,38.8980494927832,-76.971265636276,5,123.7247916
p_531024,38.8981278131788,-76.9717232091462,6,164.36055095
p_531024,38.8982057554786,-76.9721598649819,7,203.2162996
p_531024,38.8982458447092,-76.9723951774525,8,224.10924428
p_531024,38.8982855697094,-76.9726104056787,9,243.29410352
p_531024,38.8984760465055,-76.9737150678292,10,341.428969
p_531024,38.8985657508343,-76.9742149565958,11,385.92305377
p_531024,38.898711,-76.975018,12,457.42874154
p_531024,38.898782,-76.975473,13,497.67914902
p_531024,38.898836,-76.975786,14,525.48567354
p_531024,38.898874,-76.975995,15,544.10063898
p_531024,38.89892,-76.976248,16,566.63453192
p_531024,38.898984,-76.976595,17,597.56370569
p_531024,38.899062,-76.977092,18,641.53909733
p_531024,38.8991393299119,-76.9775186123289,19,679.53004899
p_531024,38.8992217383517,-76.9779988462298,20,722.18262485
p_531024,38.8993404563722,-76.9786458811196,21,779.83880854
p_531024,38.8994474966026,-76.9792635895348,22,834.7261044
p_531024,38.8995074662318,-76.9795626038448,23,861.50596267
p_531024,38.8995847320026,-76.9799420136096,24,895.51862808
p_531024,38.899635193487,-76.9801952424677,25,918.18892423
p_531024,38.899771,-76.980959,26,986.13747079
p_531024,38.8998588759027,-76.9814740947461,27,1031.87364707
p_531024,38.9000122948042,-76.9823454690287,28,1109.35885156
p_531024,38.9000244645582,-76.9824342901344,29,1117.18146761
p_531024,38.9000300027051,-76.9825099807998,30,1123.77621566
p_531024,38.9000383796989,-76.9826069709258,31,1132.241169
p_531024,38.9000499278059,-76.9827125875562,32,1141.49247342
p_531024,38.9000690665899,-76.9828390294373,33,1152.66495432
p_531024,38.9000880515786,-76.9829554824395,34,1162.98454362
p_531024,38.9000880238147,-76.9829545726568,35,1163.0635257
p_531024,38.900148536534,-76.9832861361625,36,1192.60009446
p_531024,38.9001762800357,-76.9834164374921,37,1204.31556458
p_531024,38.9002196642766,-76.9836128448976,38,1222.02114759
p_531024,38.900230941378,-76.9837081913716,39,1230.38646503
p_531024,38.9002424898835,-76.9838274152105,40,1240.80804265
p_531024,38.900254,-76.984022,41,1257.73615957
p_531024,38.9002543435012,-76.9842089785231,42,1273.95619831
p_531024,38.9002547562638,-76.9842938399636,43,1281.3178925
p_531024,38.9002623388724,-76.9847645368386,44,1322.15853053
p_531024,38.9002595094399,-76.9855216926975,45,1387.84095486
p_531024,38.9002659341594,-76.9864990610298,46,1472.62859334
p_531024,38.9002626444431,-76.9880243376326,47,1604.94361827
p_531024,38.9002632428086,-76.9880223478687,48,1605.12856681
p_531024,38.9002647827284,-76.9902300262582,49,1796.64007723
p_531024,38.9002684553948,-76.9922854819038,50,1974.94696967
p_531024,38.9002640189032,-76.9938412140011,51,2109.90433537
p_531024,38.9002673234627,-76.9946594180331,52,2180.88275216
p_531024,38.9002674782815,-76.9946595959296,53,2180.90585073
p_531024,38.9002664483511,-76.9962826051276,54,2321.69850884
p_531024,38.9002711053214,-76.9992218961705,55,2576.67630136
p_531024,38.9002721779524,-76.9992190031764,56,2576.95407953
p_531024,38.9002712114519,-77.0016850393235,57,2790.87750691
p_531024,38.9002711557059,-77.0016831149739,58,2791.04455483
p_531024,38.900269995407,-77.0019583891104,59,2814.92434955
p_531024,38.9002662136255,-77.0019907851665,60,2817.76582488
p_531024,38.9002586500434,-77.0020231812285,61,2820.69887093
p_531024,38.900246880235,-77.0020758784374,62,2825.45330779
p_531024,38.9002391918874,-77.0025978157309,63,2870.73832215
p_531024,38.9002355983377,-77.004663475282,64,3049.93043318
